21  21
 8  4  0  2  0  0  8  9  8  8  4  2  2  5  8  2  5  3  5  9  7 
 2 -1  1 -1  0 -1  4 -1  4 -1  4 -1  8 -1  7 -1  1 -1  5 -1  5 
 5  9  0  2  3  3  3  7  2  8  7  8  3  3  8  5  6  9  0  2  1 
 2 -1  6 -1  5 -1  3 -1  5 -1  6 -1  9 -1  8 -1  0 -1  6 -1  8 
 5  8  6  2  8  1  7  2  8  4  0  1  8  3  1  1  0  4  0  2  6 
 0 -1  3 -1  2 -1  1 -1  0 -1  3 -1  6 -1  0 -1  0 -1  1 -1  8 
 9  0  3  6  6  6  6  6  8  1  9  1  8  8  2  4  2  1  4  9  8 
 8 -1  5 -1  9 -1  7 -1  3 -1  8 -1  6 -1  8 -1  0 -1  2 -1  5 
 1  4  4  9  6  3  6  7  7  0  9  1  8  0  4  8  4  1  6  3  1 
 2 -1  3 -1  7 -1  5 -1  1 -1  6 -1  5 -1  8 -1  2 -1  6 -1  6 
 0  0  1  9  6  6  8  6  7  1  9  3  1  8  0  9  2  2  3  7  0 
 7 -1  2 -1  1 -1  8 -1  0 -1  6 -1  3 -1  3 -1  9 -1  7 -1  4 
 7  5  5  1  6  1  5  3  2  6  7  7  5  7  6  1  7  4  3  8  6 
 5 -1  2 -1  6 -1  0 -1  5 -1  1 -1  6 -1  8 -1  0 -1  6 -1  8 
 3  3  6  9  8  4  6  2  4  1  9  9  9  6  8  8  5  6  5  5  6 
 6 -1  5 -1  0 -1  4 -1  1 -1  1 -1  7 -1  7 -1  3 -1  3 -1  2 
 7  8  7  7  3  7  8  3  3  1  4  1  1  1  9  2  3  5  5  1  9 
 7 -1  6 -1  5 -1  0 -1  2 -1  9 -1  4 -1  7 -1  4 -1  9 -1  1 
 1  1  5  2  2  3  6  2  7  6  3  2  5  6  4  9  1  6  3  1  4 
 8 -1  3 -1  8 -1  1 -1  1 -1  5 -1  3 -1  9 -1  6 -1  0 -1  0 
 6  6  4  9  1  9  2  5  1  0  0  9  0  3  8  5  5  0  8  9  3 
